0.433 0.746 1.112 1.598 2.083 1.799 3.438 4.416 4.290 4.479 5.579 5.879 5.914 6.412 6.662 7.731 7.911 8.370 8.044
0.618 0.376 0.530 0.687 1.003 1.185 1.433 1.820 2.198 2.508 2.768 3.244 3.590 3.837 4.372 4.831 5.187 5.490 5.608
0.827 0.531 0.458 0.498 0.681 0.941 1.173 1.327 1.696 2.048 2.081 2.571 2.776 3.126 3.190 3.840 4.214 4.619 4.827
1.012 0.704 0.500 0.412 0.502 0.631 0.879 0.986 1.205 1.386 1.615 1.850 2.155 2.259 2.611 2.834 3.287 3.485 3.960
1.177 0.958 0.700 0.494 0.468 0.495 0.640 0.791 0.961 1.145 1.297 1.540 1.710 1.950 2.185 2.450 2.725 2.968 3.408
1.678 1.154 0.879 0.618 0.511 0.463 0.500 0.654 0.919 1.044 1.181 1.520 1.808 1.963 2.375 2.492 2.825 3.116 3.621
2.067 1.538 1.092 0.902 0.753 0.505 0.426 0.508 0.691 0.855 1.034 1.301 1.519 1.821 1.985 2.261 2.643 2.893 3.367
2.282 1.824 1.301 1.062 0.888 0.608 0.526 0.462 0.499 0.615 0.886 1.068 1.306 1.565 1.800 2.097 2.376 2.567 3.109
2.158 1.791 1.559 1.185 0.991 0.829 0.690 0.505 0.412 0.494 0.570 0.803 0.909 1.161 1.349 1.601 1.843 1.995 2.505
2.385 1.994 1.685 1.379 1.169 0.956 0.796 0.577 0.503 0.463 0.491 0.612 0.867 1.030 1.235 1.465 1.782 2.003 2.421
2.408 2.108 1.758 1.433 1.365 1.057 0.890 0.753 0.623 0.495 0.444 0.495 0.581 0.815 0.936 1.150 1.348 1.670 2.043
2.797 2.358 2.088 1.758 1.571 1.413 1.155 0.901 0.791 0.637 0.493 0.406 0.494 0.613 0.808 0.995 1.248 1.484 1.843
3.258 2.793 2.392 2.099 1.798 1.599 1.426 1.065 0.922 0.766 0.570 0.503 0.448 0.499 0.622 0.892 1.108 1.335 1.868
3.518 3.181 2.824 2.432 2.341 1.989 1.730 1.617 1.318 0.988 0.848 0.741 0.514 0.281 0.508 0.666 0.895 1.153 1.619
4.034 3.482 3.004 2.703 2.492 2.183 1.888 1.736 1.524 1.113 0.984 0.843 0.593 0.510 0.431 0.498 0.658 0.994 1.269
4.050 3.696 3.256 2.955 2.865 2.545 2.340 1.918 1.701 1.565 1.168 0.940 0.797 0.671 0.499 0.361 0.501 0.656 0.980
4.802 4.426 3.835 3.436 3.187 2.954 2.702 2.400 2.081 1.911 1.629 1.204 0.991 0.835 0.600 0.504 0.463 0.503 0.720
5.639 5.100 4.774 4.188 3.911 3.556 3.375 3.039 2.835 2.430 2.214 1.861 1.342 1.082 0.935 0.754 0.523 0.211 0.560
7.832 7.540 7.347 7.101 6.221 5.786 6.009 5.321 5.420 4.571 3.556 3.412 2.803 1.774 1.611 1.275 1.056 0.621 0.363
