0.477 0.942 1.267 1.961 2.483 2.134 3.965 5.141 4.912 5.555 6.741 7.212 6.950 8.250 8.318
0.650 0.375 0.572 0.765 1.194 1.469 1.752 2.368 2.972 3.291 3.738 4.428 4.996 5.593 5.984
0.950 0.589 0.475 0.503 0.738 1.031 1.272 1.527 1.954 2.289 2.897 3.192 3.473 4.162 4.355
1.157 0.779 0.504 0.452 0.505 0.669 0.950 1.098 1.370 1.596 1.926 2.290 2.587 2.880 3.286
1.383 1.081 0.739 0.496 0.477 0.498 0.681 0.864 1.087 1.345 1.573 1.945 2.148 2.285 2.717
2.018 1.344 0.933 0.628 0.526 0.476 0.509 0.686 1.015 1.153 1.391 1.800 2.082 2.284 2.751
2.272 1.691 1.146 0.965 0.784 0.515 0.443 0.503 0.710 0.965 1.090 1.428 1.737 2.019 2.453
2.432 1.960 1.390 1.156 0.949 0.635 0.539 0.479 0.498 0.683 0.951 1.158 1.421 1.779 2.195
2.445 2.025 1.741 1.271 1.071 0.861 0.726 0.511 0.477 0.502 0.614 0.910 1.071 1.306 1.707
2.722 2.343 1.931 1.616 1.357 0.997 0.863 0.657 0.495 0.474 0.498 0.675 0.890 1.153 1.574
3.215 2.756 2.290 1.955 1.772 1.204 1.037 0.851 0.598 0.514 0.475 0.507 0.712 1.064 1.341
3.571 3.104 2.816 2.330 2.182 1.902 1.475 1.130 0.969 0.807 0.520 0.427 0.514 0.744 1.099
4.073 3.574 3.093 2.801 2.406 2.207 1.797 1.337 1.111 0.927 0.630 0.526 0.476 0.508 0.738
4.562 4.045 3.582 3.110 2.899 2.532 2.268 2.041 1.448 1.186 0.973 0.787 0.528 0.359 0.553
6.453 5.975 5.219 5.229 5.004 4.337 3.724 3.379 2.771 1.981 1.630 1.278 1.000 0.609 0.401
