0.483 0.849 1.543 2.444 2.973 2.565 4.874 6.527 6.100 6.958 7.941 9.038 8.424
0.604 0.446 0.544 0.775 1.180 1.395 1.794 2.426 3.147 3.510 4.140 4.371 5.179
0.943 0.554 0.482 0.502 0.719 1.026 1.308 1.562 2.062 2.529 3.098 3.398 3.753
1.129 0.741 0.504 0.468 0.501 0.637 0.925 1.092 1.310 1.513 1.930 2.293 2.688
1.311 0.984 0.701 0.495 0.480 0.494 0.666 0.864 1.041 1.309 1.628 1.972 2.301
1.759 1.202 0.908 0.605 0.520 0.484 0.500 0.705 0.992 1.204 1.529 2.022 2.311
2.246 1.581 1.162 0.924 0.732 0.514 0.477 0.511 0.688 0.953 1.186 1.556 1.993
2.433 1.966 1.416 1.136 0.944 0.646 0.546 0.482 0.498 0.674 1.015 1.301 1.673
2.374 1.928 1.701 1.232 0.992 0.822 0.693 0.504 0.471 0.497 0.647 0.953 1.206
2.816 2.454 2.077 1.725 1.367 0.993 0.869 0.663 0.495 0.475 0.500 0.748 1.060
3.305 2.904 2.427 2.050 1.742 1.188 1.033 0.845 0.597 0.514 0.480 0.513 0.766
4.106 3.700 3.348 2.759 2.586 2.131 1.604 1.254 1.069 0.869 0.553 0.378 0.593
6.656 7.880 8.443 7.422 6.301 5.666 5.052 2.745 2.055 2.193 1.178 0.836 0.471
