0.469 0.867 1.273 1.876 2.341 2.155 4.140 5.628 5.026 5.563 6.740 6.977 6.504 7.647 7.844
0.670 0.407 0.540 0.732 1.133 1.329 1.704 2.183 2.808 3.176 3.421 4.240 4.398 5.121 5.609
0.928 0.553 0.479 0.503 0.734 0.980 1.290 1.501 1.934 2.286 2.672 3.105 3.143 4.102 4.388
1.105 0.750 0.503 0.463 0.506 0.633 0.883 1.031 1.277 1.544 1.750 2.246 2.441 2.729 3.240
1.335 1.056 0.725 0.498 0.477 0.498 0.645 0.837 1.052 1.338 1.500 1.912 2.080 2.295 2.762
1.893 1.200 0.875 0.612 0.518 0.471 0.503 0.632 0.918 1.117 1.299 1.681 1.904 2.133 2.592
2.017 1.456 1.022 0.848 0.683 0.502 0.475 0.493 0.602 0.842 0.930 1.218 1.439 1.725 2.023
2.200 1.754 1.254 1.031 0.847 0.582 0.517 0.479 0.492 0.642 0.867 1.083 1.344 1.646 2.033
2.210 1.800 1.525 1.172 0.951 0.780 0.646 0.500 0.468 0.498 0.575 0.825 0.994 1.209 1.579
2.571 2.160 1.795 1.573 1.268 0.934 0.823 0.632 0.494 0.471 0.497 0.638 0.848 1.090 1.489
3.049 2.536 2.085 1.807 1.606 1.124 0.977 0.792 0.579 0.510 0.468 0.500 0.662 0.985 1.283
3.183 2.738 2.483 2.054 1.850 1.632 1.313 0.947 0.816 0.691 0.502 0.434 0.502 0.698 1.032
3.846 3.340 2.833 2.562 2.141 2.010 1.688 1.176 1.011 0.856 0.596 0.512 0.479 0.504 0.735
4.330 3.714 3.350 2.957 2.722 2.352 2.198 1.834 1.336 1.109 0.915 0.753 0.525 0.324 0.565
6.758 6.186 5.620 5.588 5.445 4.654 4.125 3.627 3.037 2.007 1.691 1.295 0.991 0.604 0.397
