0.552 1.217 2.868 4.442 6.348 5.947 8.189 9.795 11.460 12.299 13.544 14.795 16.628 16.957 18.245
0.894 0.492 0.945 1.610 2.952 3.523 3.896 6.133 7.996 8.222 9.637 10.116 10.878 13.133 13.414
2.110 0.902 0.488 0.680 1.368 1.937 2.618 2.470 3.949 4.823 5.360 5.797 6.710 8.022 9.566
2.392 1.669 0.651 0.475 0.628 1.117 1.499 1.717 1.987 2.572 3.156 3.806 4.593 5.506 6.417
3.190 2.304 1.396 0.620 0.450 0.618 1.022 1.420 1.963 2.314 3.032 3.541 4.279 5.095 5.709
3.694 2.774 1.895 1.059 0.675 0.483 0.527 0.795 1.467 1.811 1.938 2.834 3.484 3.850 4.644
3.466 2.724 1.752 1.234 0.923 0.541 0.459 0.524 0.802 1.088 1.275 1.687 2.440 2.882 3.499
4.138 3.544 2.304 1.757 1.532 0.909 0.598 0.482 0.519 0.822 1.209 1.501 2.129 2.851 3.633
4.028 3.388 2.669 1.858 1.572 1.206 0.888 0.541 0.477 0.522 0.855 1.158 1.699 2.261 3.093
4.644 4.110 3.190 2.491 2.114 1.653 1.246 0.886 0.518 0.473 0.617 0.952 1.608 1.986 2.809
5.250 4.600 3.700 3.455 2.997 1.950 1.611 1.361 0.930 0.646 0.484 0.541 1.073 1.556 2.240
6.158 5.071 4.555 3.684 3.404 2.907 2.081 1.686 1.358 1.115 0.563 0.470 0.612 1.246 2.105
7.840 7.372 7.100 5.920 5.465 4.822 4.147 3.118 2.392 1.886 1.311 0.698 0.491 1.081 1.939
9.954 9.255 8.018 8.307 7.613 6.254 6.072 4.987 3.261 2.689 2.195 1.521 0.902 0.503 1.147
16.327 15.828 14.887 14.050 13.458 11.873 10.598 9.068 7.713 6.660 5.056 3.888 2.779 1.059 0.524
