0.433 0.749 1.213 1.779 2.305 1.891 3.628 4.736 4.537 4.853 5.983 6.490 6.317 7.001 7.203 8.442 8.613 9.142 8.871
0.612 0.359 0.534 0.688 1.015 1.195 1.449 1.848 2.201 2.538 2.879 3.277 3.598 3.945 4.403 5.013 5.476 5.852 5.792
0.874 0.534 0.455 0.503 0.716 0.981 1.198 1.376 1.805 2.117 2.253 2.679 2.927 3.281 3.371 3.968 4.534 4.950 5.251
1.038 0.725 0.509 0.444 0.508 0.668 0.932 1.050 1.271 1.472 1.783 1.992 2.318 2.437 2.898 3.126 3.562 3.912 4.416
1.223 0.982 0.731 0.496 0.469 0.497 0.650 0.819 1.005 1.196 1.384 1.616 1.785 2.034 2.321 2.578 2.888 3.181 3.673
1.744 1.212 0.929 0.631 0.515 0.459 0.504 0.677 0.976 1.099 1.250 1.593 1.908 2.035 2.510 2.605 3.011 3.331 3.862
2.120 1.600 1.166 0.948 0.772 0.506 0.429 0.512 0.706 0.869 1.067 1.316 1.539 1.833 2.025 2.297 2.704 3.024 3.453
2.335 1.854 1.361 1.117 0.899 0.616 0.528 0.464 0.499 0.624 0.916 1.089 1.322 1.606 1.808 2.128 2.427 2.696 3.170
2.192 1.821 1.593 1.222 1.002 0.844 0.684 0.503 0.402 0.496 0.573 0.812 0.922 1.160 1.360 1.598 1.868 2.093 2.549
2.449 2.033 1.757 1.453 1.179 0.994 0.818 0.587 0.506 0.458 0.492 0.616 0.889 1.040 1.255 1.469 1.832 2.052 2.496
2.570 2.195 1.891 1.546 1.418 1.099 0.918 0.778 0.626 0.496 0.424 0.495 0.583 0.849 0.975 1.203 1.424 1.769 2.154
2.933 2.431 2.182 1.824 1.649 1.470 1.187 0.940 0.815 0.653 0.494 0.405 0.496 0.635 0.832 1.006 1.299 1.558 1.901
3.420 2.908 2.518 2.210 1.857 1.679 1.472 1.099 0.947 0.780 0.578 0.505 0.446 0.499 0.634 0.920 1.141 1.359 1.932
3.594 3.241 2.897 2.524 2.351 2.036 1.770 1.655 1.357 1.020 0.876 0.752 0.512 0.288 0.511 0.683 0.928 1.190 1.688
4.185 3.566 3.105 2.816 2.540 2.225 1.938 1.792 1.578 1.150 1.027 0.865 0.606 0.516 0.436 0.500 0.665 1.043 1.294
4.291 3.864 3.399 3.047 3.009 2.650 2.396 2.020 1.810 1.649 1.233 0.977 0.828 0.678 0.500 0.344 0.504 0.676 1.011
5.132 4.675 4.094 3.688 3.403 3.208 2.865 2.615 2.297 2.088 1.738 1.274 1.057 0.881 0.613 0.508 0.469 0.506 0.755
6.572 5.780 5.597 5.011 4.408 4.186 3.772 3.521 3.255 2.729 2.474 2.097 1.451 1.194 1.013 0.824 0.545 0.278 0.575
8.582 8.149 7.956 7.822 6.946 6.307 6.533 5.885 5.937 4.996 4.018 3.683 2.990 1.911 1.792 1.433 1.131 0.639 0.304
