0.466 0.801 1.190 1.694 2.140 1.970 3.614 5.341 4.547 5.369 6.150 6.800 6.194 7.362 7.552
0.615 0.399 0.543 0.704 1.063 1.235 1.569 2.003 2.552 2.889 3.186 3.852 4.030 4.785 5.201
0.859 0.545 0.476 0.504 0.682 0.945 1.184 1.398 1.787 2.075 2.480 2.903 2.839 3.713 4.095
1.072 0.724 0.507 0.467 0.500 0.628 0.882 0.993 1.207 1.525 1.721 2.113 2.343 2.478 3.103
1.171 0.967 0.689 0.495 0.468 0.496 0.612 0.802 0.982 1.267 1.425 1.781 1.963 2.174 2.630
1.832 1.188 0.883 0.598 0.521 0.472 0.504 0.614 0.906 1.113 1.295 1.670 1.904 2.139 2.567
1.856 1.379 0.974 0.823 0.661 0.499 0.477 0.493 0.579 0.811 0.886 1.142 1.357 1.618 1.861
2.173 1.728 1.219 1.008 0.836 0.574 0.511 0.480 0.491 0.609 0.849 1.050 1.308 1.559 1.919
2.168 1.778 1.498 1.164 0.955 0.788 0.653 0.503 0.475 0.492 0.580 0.825 0.985 1.189 1.595
2.433 2.018 1.665 1.503 1.174 0.873 0.792 0.621 0.494 0.455 0.495 0.611 0.822 1.002 1.415
2.965 2.528 2.029 1.857 1.549 1.112 0.982 0.815 0.585 0.510 0.473 0.499 0.637 0.942 1.238
3.051 2.655 2.300 1.957 1.761 1.571 1.250 0.928 0.816 0.670 0.501 0.449 0.500 0.659 0.947
3.664 3.241 2.718 2.504 2.071 1.946 1.573 1.115 0.971 0.828 0.585 0.508 0.481 0.499 0.694
4.070 3.471 3.190 2.846 2.582 2.349 2.090 1.753 1.300 1.080 0.916 0.738 0.522 0.412 0.541
5.999 5.474 4.852 4.833 4.558 4.064 3.716 3.035 2.616 1.729 1.553 1.188 0.927 0.582 0.396
