0.431 0.689 1.040 1.470 1.949 1.682 3.072 4.154 3.898 4.002 4.922 5.552 5.543 5.816 6.072 7.318 7.528 7.990 7.668
0.585 0.337 0.531 0.667 0.967 1.133 1.339 1.717 2.024 2.252 2.609 3.026 3.345 3.514 4.036 4.487 4.849 5.191 5.171
0.776 0.529 0.441 0.499 0.654 0.903 1.088 1.244 1.582 1.933 2.017 2.472 2.697 2.976 2.987 3.540 3.988 4.322 4.620
1.023 0.715 0.503 0.427 0.497 0.622 0.852 0.959 1.169 1.389 1.631 1.750 2.102 2.205 2.534 2.752 3.237 3.438 3.795
1.159 0.956 0.691 0.493 0.450 0.495 0.625 0.783 0.953 1.143 1.298 1.519 1.709 1.914 2.138 2.407 2.697 2.857 3.292
1.691 1.170 0.869 0.595 0.512 0.456 0.499 0.629 0.903 1.029 1.144 1.485 1.813 1.907 2.368 2.404 2.782 3.012 3.505
1.968 1.474 1.052 0.878 0.731 0.502 0.443 0.501 0.648 0.799 0.984 1.228 1.432 1.719 1.877 2.110 2.442 2.766 3.156
2.238 1.737 1.249 1.040 0.865 0.597 0.520 0.466 0.497 0.597 0.860 1.027 1.243 1.448 1.678 1.973 2.207 2.451 2.935
2.093 1.726 1.500 1.159 0.947 0.796 0.647 0.498 0.441 0.493 0.559 0.772 0.871 1.086 1.267 1.487 1.691 1.900 2.311
2.355 1.972 1.655 1.361 1.093 0.933 0.777 0.564 0.500 0.462 0.490 0.583 0.845 0.986 1.161 1.376 1.668 1.880 2.281
2.428 2.102 1.746 1.445 1.322 1.035 0.879 0.754 0.626 0.497 0.452 0.491 0.570 0.794 0.907 1.114 1.302 1.635 1.976
2.672 2.289 2.004 1.668 1.468 1.355 1.089 0.856 0.759 0.620 0.492 0.368 0.493 0.598 0.777 0.931 1.176 1.378 1.735
3.251 2.766 2.384 2.061 1.782 1.595 1.382 1.035 0.910 0.774 0.567 0.503 0.452 0.497 0.608 0.875 1.070 1.277 1.782
3.355 3.055 2.732 2.397 2.250 1.913 1.601 1.534 1.243 0.961 0.818 0.720 0.511 0.359 0.503 0.628 0.835 1.092 1.529
3.829 3.320 2.892 2.596 2.339 2.114 1.767 1.636 1.447 1.081 0.951 0.822 0.583 0.509 0.441 0.498 0.629 0.940 1.178
3.899 3.516 3.112 2.862 2.773 2.458 2.222 1.871 1.618 1.528 1.125 0.902 0.766 0.642 0.496 0.385 0.499 0.617 0.902
4.481 4.151 3.587 3.221 3.004 2.838 2.451 2.264 1.953 1.838 1.456 1.101 0.928 0.797 0.576 0.500 0.461 0.498 0.675
5.207 4.761 4.346 3.843 3.610 3.260 3.059 2.837 2.619 2.309 1.992 1.703 1.256 1.020 0.894 0.729 0.517 0.351 0.536
7.017 6.913 6.604 6.232 5.658 5.258 5.281 4.770 4.660 4.067 3.416 2.985 2.561 1.608 1.459 1.190 0.989 0.606 0.337
