0.471 0.723 1.385 2.355 2.856 2.486 4.643 6.788 5.877 6.490 7.223 7.656 8.101 8.639 9.099
0.570 0.464 0.564 0.840 1.298 1.445 1.738 2.277 3.079 3.489 3.796 4.108 4.981 5.784 5.981
1.210 0.556 0.439 0.544 0.875 1.111 1.464 1.680 2.078 2.672 3.073 3.147 4.002 4.583 4.993
1.479 0.814 0.587 0.481 0.522 0.791 1.203 1.324 1.478 2.055 2.607 2.825 3.130 3.471 4.274
1.628 1.208 0.925 0.528 0.447 0.520 0.769 0.965 1.187 1.490 1.828 2.227 2.541 2.726 3.525
2.182 1.521 1.227 0.774 0.561 0.481 0.506 0.659 1.018 1.231 1.482 1.918 2.232 2.479 3.040
2.213 1.592 1.277 0.976 0.715 0.507 0.449 0.500 0.625 0.880 1.007 1.286 1.619 1.839 2.242
2.437 1.932 1.579 1.216 0.927 0.648 0.531 0.481 0.494 0.671 0.958 1.169 1.451 1.781 2.207
2.424 1.925 1.783 1.342 1.039 0.867 0.694 0.509 0.472 0.500 0.629 0.914 1.102 1.354 1.851
2.739 2.353 2.116 1.830 1.376 1.083 0.926 0.693 0.497 0.467 0.504 0.738 1.001 1.253 1.728
3.326 2.922 2.450 2.241 1.830 1.282 1.115 0.893 0.638 0.523 0.476 0.508 0.757 1.135 1.473
3.731 3.262 3.095 2.698 2.379 2.093 1.633 1.224 1.040 0.872 0.530 0.399 0.529 0.854 1.254
4.296 3.832 3.520 3.148 2.698 2.538 2.180 1.505 1.296 1.100 0.740 0.574 0.481 0.532 0.906
4.789 4.152 3.789 3.394 3.133 2.776 2.549 2.159 1.560 1.308 1.065 0.920 0.544 0.385 0.595
7.689 7.196 6.426 6.866 6.413 5.397 5.309 4.596 3.631 2.528 2.043 1.839 1.269 0.724 0.361
