0.483 0.964 1.688 3.277 4.605 5.238 7.685 10.368 10.730 10.512 12.744 13.457 14.083
0.855 0.483 0.605 1.160 1.755 2.582 2.463 3.705 4.544 5.176 5.804 6.313 7.361
1.594 0.576 0.478 0.553 0.873 1.222 1.406 1.645 2.243 2.612 3.304 3.688 4.880
1.885 1.168 0.558 0.459 0.555 0.885 1.208 1.574 1.985 2.456 3.112 3.544 4.068
2.329 1.510 0.875 0.615 0.482 0.513 0.722 1.235 1.583 1.707 2.495 2.816 3.279
2.425 1.475 1.071 0.812 0.522 0.466 0.507 0.687 0.969 1.131 1.520 2.044 2.336
2.968 2.026 1.441 1.217 0.753 0.555 0.483 0.501 0.720 1.034 1.309 1.734 2.254
2.845 2.160 1.567 1.289 1.002 0.777 0.521 0.476 0.502 0.713 0.973 1.318 1.745
3.209 2.528 1.994 1.588 1.239 1.013 0.728 0.498 0.475 0.514 0.773 1.162 1.499
3.690 2.989 2.462 2.160 1.518 1.208 1.025 0.703 0.542 0.482 0.505 0.885 1.332
3.786 3.185 2.702 2.358 2.072 1.561 1.187 1.019 0.793 0.517 0.469 0.540 0.822
5.182 5.561 4.586 4.125 3.814 3.230 2.296 1.798 1.431 1.025 0.587 0.461 0.665
9.912 10.411 11.388 10.746 8.714 8.042 6.774 3.485 3.079 2.366 1.495 1.032 0.488
