0.465 0.854 1.320 1.971 2.668 2.221 4.431 5.297 5.247 6.196 6.922 8.343 7.791 7.915 9.200 9.303
0.635 0.386 0.534 0.688 1.058 1.239 1.525 1.980 2.290 2.855 3.086 3.481 4.141 4.362 4.949 5.368
0.891 0.542 0.476 0.502 0.717 0.970 1.240 1.389 1.805 2.344 2.596 2.987 3.099 3.573 3.983 4.463
1.091 0.734 0.505 0.441 0.508 0.662 0.928 1.114 1.292 1.625 1.784 2.070 2.426 2.639 3.184 3.640
1.240 1.013 0.733 0.498 0.479 0.496 0.668 0.894 0.988 1.318 1.497 1.818 2.020 2.320 2.565 3.118
1.739 1.210 0.936 0.634 0.516 0.481 0.500 0.668 0.871 1.103 1.286 1.581 1.847 2.147 2.415 2.958
2.052 1.509 1.075 0.907 0.757 0.505 0.475 0.496 0.674 0.947 1.039 1.249 1.544 1.810 2.085 2.525
2.173 1.815 1.344 1.039 0.898 0.655 0.499 0.468 0.503 0.627 0.820 1.024 1.276 1.462 1.891 2.228
2.456 2.030 1.709 1.273 1.091 0.855 0.616 0.530 0.472 0.499 0.635 0.928 1.203 1.447 1.863 2.144
2.402 2.075 1.726 1.513 1.225 0.885 0.795 0.652 0.500 0.445 0.496 0.579 0.825 0.955 1.281 1.672
2.830 2.537 2.056 1.765 1.622 1.139 0.993 0.824 0.602 0.509 0.472 0.493 0.646 0.927 1.220 1.556
3.018 2.573 2.183 1.872 1.723 1.427 1.181 0.941 0.784 0.644 0.499 0.454 0.498 0.648 0.932 1.239
3.434 3.129 2.758 2.450 2.111 1.839 1.662 1.264 0.970 0.839 0.654 0.495 0.459 0.501 0.728 1.053
3.805 3.252 2.935 2.626 2.403 2.107 1.985 1.618 1.163 0.961 0.821 0.596 0.517 0.476 0.519 0.793
5.023 4.350 3.854 3.596 3.299 3.082 2.650 2.373 2.174 1.579 1.242 1.070 0.916 0.557 0.311 0.571
7.806 7.664 6.669 5.672 5.968 5.900 4.972 4.361 4.110 3.600 2.089 1.825 1.540 1.146 0.648 0.305
