0.469 0.885 1.247 1.971 2.528 2.158 4.070 5.438 4.859 6.078 6.818 7.556 7.045 7.997 8.148
0.639 0.408 0.545 0.695 1.088 1.294 1.562 2.056 2.316 2.875 3.182 3.799 4.005 4.606 5.097
0.888 0.558 0.477 0.505 0.723 0.988 1.252 1.473 1.928 2.476 2.722 3.167 3.042 3.920 4.242
1.078 0.719 0.506 0.443 0.508 0.651 0.894 1.072 1.266 1.581 1.794 2.169 2.477 2.723 3.209
1.251 0.997 0.716 0.497 0.478 0.496 0.644 0.882 0.992 1.289 1.523 1.803 1.976 2.188 2.640
1.782 1.178 0.913 0.630 0.517 0.478 0.501 0.673 0.912 1.114 1.334 1.645 1.911 2.085 2.524
2.011 1.514 1.077 0.892 0.757 0.507 0.475 0.495 0.688 0.984 1.061 1.340 1.536 1.842 2.210
2.214 1.797 1.397 1.016 0.887 0.667 0.504 0.474 0.504 0.668 0.847 1.096 1.296 1.468 1.886
2.532 2.068 1.729 1.263 1.101 0.854 0.641 0.529 0.473 0.505 0.664 1.039 1.233 1.438 2.025
2.685 2.338 1.974 1.699 1.411 1.014 0.928 0.757 0.517 0.420 0.510 0.706 0.900 1.149 1.580
3.164 2.730 2.270 1.957 1.806 1.257 1.104 0.908 0.652 0.521 0.478 0.500 0.650 1.013 1.311
3.192 2.790 2.471 2.051 1.933 1.685 1.316 1.009 0.846 0.669 0.500 0.423 0.504 0.659 0.958
3.717 3.283 2.868 2.520 2.196 1.961 1.649 1.230 1.014 0.832 0.602 0.509 0.480 0.501 0.700
4.252 3.722 3.375 2.989 2.732 2.447 2.229 1.848 1.344 1.056 0.925 0.730 0.523 0.356 0.564
6.176 5.898 5.410 5.179 5.101 4.524 3.689 3.510 2.825 1.743 1.582 1.179 0.950 0.590 0.399
