0.864 1.822 3.660 4.908 8.758 10.316 13.095 17.071 17.425 17.420 19.442
1.459 0.900 1.772 3.340 6.434 7.737 10.215 11.897 13.641 13.480 15.648
3.935 1.422 0.497 1.599 3.434 4.944 7.762 9.004 12.592 11.912 14.887
4.835 3.401 1.609 0.521 1.164 2.803 5.380 6.545 8.390 8.342 10.746
5.278 4.259 2.728 0.997 0.499 1.363 2.758 3.750 4.772 4.666 6.641
7.584 7.443 5.114 2.926 1.304 0.485 1.202 2.025 3.001 3.866 5.790
7.160 6.453 5.121 3.253 2.338 0.809 0.471 0.558 0.942 1.314 2.092
6.887 6.116 4.793 3.392 2.261 1.210 0.534 0.483 0.635 1.062 2.018
7.410 6.555 5.242 3.878 2.638 1.771 0.976 0.606 0.483 0.709 1.453
9.141 8.701 7.203 6.366 4.977 2.975 2.218 1.531 0.719 0.499 1.309
12.255 11.302 10.752 10.168 9.330 7.933 4.366 6.472 2.128 1.483 0.514
