0.601 1.406 3.020 5.308 7.596 8.342 10.348 11.631 14.445 15.214 17.137
1.080 0.490 0.691 1.481 2.329 2.547 2.618 4.205 5.339 5.965 7.566
2.034 0.614 0.477 0.662 1.099 1.385 1.857 2.629 3.459 4.366 5.302
2.369 1.347 0.819 0.486 0.582 0.917 1.680 2.378 2.544 3.648 4.247
2.587 1.513 1.084 0.577 0.477 0.543 0.834 1.193 1.459 2.056 2.792
3.308 2.207 1.913 0.997 0.643 0.484 0.538 0.855 1.341 1.733 2.444
3.315 2.343 1.755 1.286 0.937 0.548 0.482 0.513 0.845 1.192 1.737
3.683 2.911 2.215 1.627 1.285 0.833 0.518 0.482 0.538 1.038 1.707
5.574 4.533 3.357 2.284 1.642 1.352 0.913 0.618 0.484 0.580 1.262
5.471 4.750 4.220 3.450 2.395 1.952 1.745 1.236 0.614 0.465 0.896
11.990 11.465 9.554 8.594 7.751 6.284 4.211 3.693 2.123 1.457 0.522
