0.467 0.836 1.292 2.034 2.460 2.082 4.092 6.038 4.835 5.649 6.929 7.555 6.894 7.950 8.509
0.655 0.404 0.544 0.716 1.140 1.327 1.694 2.198 2.795 3.118 3.500 4.260 4.668 5.428 5.945
0.955 0.560 0.480 0.507 0.756 1.025 1.313 1.556 1.971 2.346 2.753 3.169 3.184 4.080 4.660
1.142 0.774 0.514 0.468 0.511 0.686 0.950 1.117 1.397 1.726 2.008 2.505 2.805 3.069 3.659
1.353 1.077 0.751 0.499 0.478 0.499 0.664 0.856 1.079 1.378 1.554 1.975 2.213 2.462 2.987
1.920 1.258 0.938 0.632 0.533 0.474 0.510 0.647 0.959 1.147 1.357 1.770 2.046 2.293 2.803
2.043 1.521 1.077 0.890 0.712 0.506 0.476 0.494 0.612 0.867 0.955 1.250 1.526 1.810 2.096
2.299 1.826 1.301 1.082 0.876 0.598 0.522 0.480 0.495 0.660 0.922 1.143 1.441 1.752 2.143
2.420 1.960 1.722 1.256 1.015 0.832 0.696 0.514 0.476 0.501 0.611 0.871 1.073 1.354 1.755
2.668 2.242 1.915 1.623 1.306 0.967 0.851 0.657 0.496 0.473 0.497 0.648 0.876 1.123 1.590
3.179 2.662 2.220 1.951 1.662 1.152 1.033 0.844 0.599 0.521 0.472 0.503 0.674 1.038 1.343
3.307 2.819 2.564 2.163 1.956 1.689 1.364 0.996 0.852 0.711 0.504 0.446 0.503 0.713 1.061
4.085 3.633 3.110 2.818 2.323 2.193 1.815 1.255 1.062 0.904 0.621 0.516 0.482 0.510 0.787
5.105 4.235 4.016 3.570 3.191 2.847 2.643 2.131 1.483 1.267 1.051 0.839 0.558 0.366 0.596
7.428 6.640 6.201 6.267 5.898 5.158 4.575 3.844 3.182 2.137 1.953 1.480 1.088 0.623 0.408
